6004915343109918364
2078231131211772218
1959193808987785780
3980591126501898558
6979328932801015871
9355643901192908693
508274640680431844
6294537430200695715
10700009986352117117
1255247010961050011
762287512931057527
6825586663543019718
9254127696243845844
234791038808836513
14117169649856312100
14813335310162984257
6544328646485529839
4670952477475934415
3494410980574539269
2221648185302485467
5718009438741151721
7592135664846361389
2860881554784428723
2810129357663751045
3816664740035031141
8291968725598508612
12783495097951357795
13330835682327092442
8689823225280165978
5879615062379877488
9708755294455989379
14335910511168345228
12292338129960644338
9486957020714594109
11760636225890176119
6823413399133033776
2142629400917736657
6805810082339326358
2953763062800938301
10737439947816339992
12906371791655752426
8717079997718044340
12921881481230287586
10569483291554225457
5701796816518528431
6438949699932525415
9555605069985411615
8079115343386904537
14766567867711655433
12192877359941364964
11966633861420405861
3137170387661691733
200080844155268296
10889497522361505066
430242513808926405
13614201460964309878
6300568735034326240
9268792439227788568
9589997099019347783
1365846917669748684
25022922239260309
987512883740764299
10585067610452281572
3570419093573111182
12332331551963995219
13252644772077762330
167230456319847241
3592366158444795492
6636121692862360520
7151126325632774976
1921696795760123964
263659905270567621
2827045408305265483
3511921979699311798
147628819026149729
6906103649019855901
9636169903368402457
2084987200196981446
10099457382565805753
1877436498869140701
3681108506152407896
8668604748392714899
9029967851341703029
661242469615738724
5846999616191412781
7611787830811726164
109633502677815464
12174989264622787611
14754136652838706554
6335340609627770090
14256568285970688675
15129041680262058777
4030082140883208708
2652513378633368907
13633403208540745575
13247530313242275452
8809785670711903951
9687020908900615940
