30491346729331195904
12914016307659388627
39729706053049134672
93311959041291401639
77873663425078190971
55132902067179756822
18611106740436992803
86716304801264645977
87366342507819097765
93886273972970605221
86111067404369921291
40163951478999393527
91734522494650769181
18630221861110674043
69921291401631717986
91849778736634250781
90978650415919381337
93316677181699666569
95147899939352791734
52451063036647674874
86504159193813379331
29140163719965677999
77650091000000000000
00000865041591938133
79331291401631000000
00000000000917203648
89391813386504159193
81337933803867163048
01264645171798691845
00358664629448700933
04913467293311959041
29140163719965677999
77650094995118501942
18581302218611106740
43699280386716304801
26464510000000000000
00009901082816220870
80202218611106740436
99216677181699666569
17179869184522494650
76918118630865041591
93813379338038671630
48012646451692665944
47365003586646294487
00932218611106740436
99276593886273972970
60501000000000000000
00865041591938133793
37659388627397297060
59778736634250781909
79778736634250781909
73049134672933119590
48038671630480126464
52218611106740436992
91720364889391813386
50415919381337933129
14016371996567799977
65009765938862739729
70605221861110674043
69928038671630480126
46452251799813685248
83548725588223780399
30491346729331195904
12914016322186111067
40436992835487255882
23780399865041591938
13379331291401631692
66594447361551329020
67179756822186111067
40436992166771816996
66569719965677999776
50091000000000000000
00865041591938133793
38038671630480126464
51692665944473652249
46507691811863022186
11106740436992166771
81699666569225179981
36852487659388627397
29706058650415919381
33793376593886273972
97060516926659444736
49951185019421858130
22186111067404369927
65938862739729706051
00000000000000000917
20364889391813322186
11106740436992803867
16304801264645221861
11067404369925003586
64629448700932218611
10674043699212914016
31310729778736634250
78190972218611106740
43699216677181699666
56922517998136852481
00000000000000000221
86111067404369928038
67163048012646451692
66594447365245106303
66476748742218611106
74043699280386716304
80126464517179869184
50035866462944870093
22186111067404369921
29140163977873663425
07819097155132902067
17975688650415919381
33793312914016309901
08281622087080202218
61110674043699276593
88627397297060597787
36634250781909791720
36488939181333049134
67293311959048038671
63048012646452251799
81368524883548725588
22378039922186111067
40436992129140163719
96567799977650091000
00000000000000865041
59193813379331291401
63951478999393527917
34155132902067179756
82218611106740436992
12914016322517998136
85248522494650769181
18630865041591938133
79331291401631000000
00000000000917203648
89391813322186111067
40436992166771816996
66569100000000000000
00076593886273972970
60586504159193813379
33765938862739729706
05131072500358664629
44870093221861110674
04369928038671630480
12646459778736634250
78190975245106303664
76748748650415919381
33793376593886273972
97060513107210000000
00000000002218611106
74043699280386716304
80126464516926659444
73650035866462944870
09386504159193813379
33166771816996665691
00000000000000000917
20364889391813386504
15919381337933166771
81699666569977873663
42507819097524510630
36647674874865041591
93813379338038671630
48012646459778736634
25078190979172036488
93918133221861110674
04369921291401639514
78999393527917349172
03648893918133304913
46729331195904803867
16304801264645719965
67799977650095003586
64629448700932218611
10674043699280386716
30480126464516926659
44473610000000000000
00008650415919381337
93380386716304801264
64505003586646294487
00933049134672933119
59048038671630480126
46459514789993935279
17349778736634250781
90972218611106740436
99280386716304801264
64516926659444736835
48725588223780399304
91346729331195904129
14016317179869184765
93886273972970605221
86111067404369921291
40163225179981368524
84995118501942185813
02218611106740436992
12914016316926659444
73615513290206717975
68304913467293311959
04129140163100000000
00000000010000000000
00000002218611106740
43699280386716304801
26464510000000000000
00005003586646294487
00938650415919381337
93316677181699666569
05245106303664767487
48650415919381337933
16677181699666569076
59388627397297060586
50415919381337933166
77181699666569719965
67799977650099901082
81622087080202218611
10674043699276593886
27397297060517179869
18449951185019421858
13022186111067404369
92129140163049951185
01942185813022186111
06740436992129140163
