44136250010011936144
36576529144366253644
16255761936812252116
16004411214576110057
65291443643644162541
84925004945761625202
51849240136418492500
64414440016941441636
04944136157648421162
25625362510062532411
00157614993644140062
53612136162548421161
68115764843657632414
84625529169625118491
63643644116957632414
00157614849484529625
15764841694144441202
55764841764225114416
32464362500324036163
65761849250036164361
69494144121400036240
14006416441400919616
94416436441176464362
58103624013645294411
21644962549032411681
62552964361193644116
81414416365761849250
02254184916324925622
55299484400361193614
43611612110004841694
41457618194848149114
42500625644928957611
93644120256255298149
13241484414424013657
61698149418491213241
21411764132414914928
94416436957657652940
03662536400360494413
61576484211622562536